100
1,1
8/9,1
8/9,8/9
7/9,1
2/3,1
2/3,8/9
5/9,1
4/9,1
4/9,8/9
1/3,1
2/9,1
2/9,8/9
1/9,1
0,1
0,8/9
8/9,4/9
1,4/9
8/9,5/9
7/9,4/9
2/3,4/9
2/3,5/9
5/9,4/9
4/9,4/9
4/9,5/9
1/3,4/9
2/9,4/9
2/9,5/9
1/9,4/9
0,4/9
0,5/9
8/9,1/9
8/9,0
1,0
1,1/9
1,2/9
7/9,1/9
7/9,0
7/9,2/9
2/3,1/9
2/3,0
5/9,1/9
5/9,0
5/9,2/9
4/9,1/9
4/9,0
1/3,1/9
1/3,0
1/3,2/9
2/9,1/9
2/9,0
1/9,1/9
1/9,0
1/9,2/9
0,1/9
0,0
1,7/9
1,8/9
8/9,7/9
1,2/3
7/9,8/9
7/9,7/9
7/9,2/3
2/3,7/9
5/9,8/9
5/9,7/9
5/9,2/3
4/9,7/9
1/3,8/9
1/3,7/9
1/3,2/3
2/9,7/9
1/9,8/9
1/9,7/9
1/9,2/3
0,7/9
1,5/9
8/9,2/3
7/9,5/9
2/3,2/3
5/9,5/9
4/9,2/3
1/3,5/9
2/9,2/3
1/9,5/9
0,2/3
8/9,1/3
8/9,2/9
1,1/3
7/9,1/3
2/3,1/3
2/3,2/9
5/9,1/3
4/9,1/3
4/9,2/9
1/3,1/3
2/9,1/3
2/9,2/9
1/9,1/3
0,1/3
0,2/9
54
3 0 1 2
3 2 1 3
3 3 4 5
3 5 4 6
3 6 7 8
3 8 7 9
3 9 10 11
3 11 10 12
3 12 13 14
3 15 16 17
3 17 18 15
3 19 18 20
3 20 21 19
3 22 21 23
3 23 24 22
3 25 24 26
3 26 27 25
3 28 27 29
5 30 31 32 33 34
5 35 36 31 30 37
5 38 39 36 35 37
5 40 41 39 38 42
5 43 44 41 40 42
5 45 46 44 43 47
5 48 49 46 45 47
5 50 51 49 48 52
5 53 54 51 50 52
6 55 56 0 2 57 58
6 57 2 3 59 60 61
6 60 59 3 5 62 61
6 62 5 6 63 64 65
6 64 63 6 8 66 65
6 66 8 9 67 68 69
6 68 67 9 11 70 69
6 70 11 12 71 72 73
6 72 71 12 14 74 73
6 75 58 57 76 17 16
6 17 76 57 61 77 18
6 77 61 62 78 20 18
6 20 78 62 65 79 21
6 79 65 66 80 23 21
6 23 80 66 69 81 24
6 81 69 70 82 26 24
6 26 82 70 73 83 27
6 83 73 74 84 29 27
7 85 86 30 34 87 16 15
7 88 37 30 86 85 15 18
7 89 90 38 37 88 18 19
7 91 42 38 90 89 19 21
7 92 93 43 42 91 21 22
7 94 47 43 93 92 22 24
7 95 96 48 47 94 24 25
7 97 52 48 96 95 25 27
7 98 99 53 52 97 27 28
-19/261,-61/261
1/261,-40/261
22/261,-20/87
-19/261,-61/261
1/261,-40/261
22/261,-20/87
-19/261,-61/261
1/261,-40/261
22/261,-20/87
-19/261,-61/261
1/261,-40/261
22/261,-20/87
-19/261,-61/261
1/261,-40/261
22/261,-20/87
20/261,22/261
-1/261,14/87
0,1/261
-1/261,14/87
20/261,22/261
0,1/261
-1/261,14/87
20/261,22/261
0,1/261
-1/261,14/87
20/261,22/261
0,1/261
-1/261,14/87
20/261,22/261
0,1/261
-40/261,-41/261
-19/261,-61/261
1/261,-40/261
-20/261,-20/261
-41/261,0
-20/261,-20/261
1/261,-40/261
-41/261,0
-40/261,-41/261
-19/261,-61/261
-20/261,-20/261
1/261,-40/261
-41/261,0
-40/261,-41/261
-19/261,-61/261
-20/261,-20/261
1/261,-40/261
-41/261,0
-40/261,-41/261
-19/261,-61/261
-20/261,-20/261
1/261,-40/261
-41/261,0
-40/261,-41/261
-19/261,-61/261
7/87,-19/261
1/261,-40/261
14/87,-13/87
41/261,2/261
1/261,-40/261
7/87,-19/261
41/261,2/261
14/87,-13/87
1/261,-40/261
7/87,-19/261
41/261,2/261
14/87,-13/87
1/261,-40/261
7/87,-19/261
41/261,2/261
14/87,-13/87
1/261,-40/261
7/87,-19/261
41/261,2/261
14/87,-13/87
20/261,22/261
7/87,-19/261
20/261,22/261
7/87,-19/261
20/261,22/261
7/87,-19/261
20/261,22/261
7/87,-19/261
20/261,22/261
7/87,-19/261
0,1/261
-20/261,-20/261
-7/87,7/87
-7/87,7/87
0,1/261
-20/261,-20/261
-7/87,7/87
0,1/261
-20/261,-20/261
-7/87,7/87
0,1/261
-20/261,-20/261
-7/87,7/87
0,1/261
-20/261,-20/261
