119
743/816,1
341/408,15/16
1,15/16
1,1
0,1
0,15/16
51/488,15/16
153/976,1
743/816,7/8
1,7/8
0,7/8
153/976,7/8
341/408,13/16
1,13/16
0,13/16
51/488,13/16
743/816,3/4
1,3/4
0,3/4
153/976,3/4
341/408,11/16
1,11/16
0,11/16
51/488,11/16
743/816,5/8
1,5/8
0,5/8
153/976,5/8
341/408,9/16
1,9/16
0,9/16
51/488,9/16
743/816,1/2
1,1/2
0,1/2
153/976,1/2
341/408,7/16
1,7/16
0,7/16
51/488,7/16
743/816,3/8
1,3/8
0,3/8
153/976,3/8
341/408,5/16
1,5/16
0,5/16
51/488,5/16
743/816,1/4
1,1/4
0,1/4
153/976,1/4
341/408,3/16
1,3/16
0,3/16
51/488,3/16
743/816,1/8
1,1/8
0,1/8
153/976,1/8
341/408,1/16
1,1/16
0,1/16
51/488,1/16
743/816,0
1,0
0,0
153/976,0
53/77,1
379/616,15/16
1/2,1
7/16,15/16
61/180,1
137/480,15/16
53/77,7/8
1/2,7/8
61/180,7/8
379/616,13/16
7/16,13/16
137/480,13/16
53/77,3/4
1/2,3/4
61/180,3/4
379/616,11/16
7/16,11/16
137/480,11/16
53/77,5/8
1/2,5/8
61/180,5/8
379/616,9/16
7/16,9/16
137/480,9/16
53/77,1/2
1/2,1/2
61/180,1/2
379/616,7/16
7/16,7/16
137/480,7/16
53/77,3/8
1/2,3/8
61/180,3/8
379/616,5/16
7/16,5/16
137/480,5/16
53/77,1/4
1/2,1/4
61/180,1/4
379/616,3/16
7/16,3/16
137/480,3/16
53/77,1/8
1/2,1/8
61/180,1/8
379/616,1/16
7/16,1/16
137/480,1/16
53/77,0
1/2,0
61/180,0
96
4 0 1 2 3
4 4 5 6 7
4 1 8 9 2
4 6 5 10 11
4 8 12 13 9
4 10 14 15 11
4 12 16 17 13
4 15 14 18 19
4 16 20 21 17
4 18 22 23 19
4 20 24 25 21
4 23 22 26 27
4 24 28 29 25
4 26 30 31 27
4 28 32 33 29
4 31 30 34 35
4 32 36 37 33
4 34 38 39 35
4 36 40 41 37
4 39 38 42 43
4 40 44 45 41
4 42 46 47 43
4 44 48 49 45
4 47 46 50 51
4 48 52 53 49
4 50 54 55 51
4 52 56 57 53
4 55 54 58 59
4 56 60 61 57
4 58 62 63 59
4 60 64 65 61
4 63 62 66 67
4 1 0 68 69
4 69 68 70 71
4 71 70 72 73
4 73 72 7 6
4 74 8 1 69
4 75 74 69 71
4 76 75 71 73
4 11 76 73 6
4 12 8 74 77
4 77 74 75 78
4 78 75 76 79
4 79 76 11 15
4 80 16 12 77
4 81 80 77 78
4 82 81 78 79
4 19 82 79 15
4 20 16 80 83
4 83 80 81 84
4 84 81 82 85
4 85 82 19 23
4 86 24 20 83
4 87 86 83 84
4 88 87 84 85
4 27 88 85 23
4 28 24 86 89
4 89 86 87 90
4 90 87 88 91
4 91 88 27 31
4 92 32 28 89
4 93 92 89 90
4 94 93 90 91
4 35 94 91 31
4 36 32 92 95
4 95 92 93 96
4 96 93 94 97
4 97 94 35 39
4 98 40 36 95
4 99 98 95 96
4 100 99 96 97
4 43 100 97 39
4 44 40 98 101
4 101 98 99 102
4 102 99 100 103
4 103 100 43 47
4 104 48 44 101
4 105 104 101 102
4 106 105 102 103
4 51 106 103 47
4 52 48 104 107
4 107 104 105 108
4 108 105 106 109
4 109 106 51 55
4 110 56 52 107
4 111 110 107 108
4 112 111 108 109
4 59 112 109 55
4 60 56 110 113
4 113 110 111 114
4 114 111 112 115
4 115 112 59 63
4 116 64 60 113
4 117 116 113 114
4 118 117 114 115
4 67 118 115 63
0,73/816
1/16,67/408
-5013/50576,3417/25288
-4453/50576,3723/50576
15955/50576,33091/50576
9533/25288,33651/50576
193/488,9/16
335/976,1/2
0,73/816
-4453/50576,3723/50576
15955/50576,33091/50576
335/976,1/2
1/16,67/408
-5013/50576,3417/25288
9533/25288,33651/50576
193/488,9/16
0,73/816
-4453/50576,3723/50576
15955/50576,33091/50576
335/976,1/2
1/16,67/408
-5013/50576,3417/25288
9533/25288,33651/50576
193/488,9/16
0,73/816
-4453/50576,3723/50576
15955/50576,33091/50576
335/976,1/2
1/16,67/408
-5013/50576,3417/25288
9533/25288,33651/50576
193/488,9/16
0,73/816
-4453/50576,3723/50576
15955/50576,33091/50576
335/976,1/2
1/16,67/408
-5013/50576,3417/25288
9533/25288,33651/50576
193/488,9/16
0,73/816
-4453/50576,3723/50576
15955/50576,33091/50576
335/976,1/2
1/16,67/408
-5013/50576,3417/25288
9533/25288,33651/50576
193/488,9/16
0,73/816
-4453/50576,3723/50576
15955/50576,33091/50576
335/976,1/2
1/16,67/408
-5013/50576,3417/25288
9533/25288,33651/50576
193/488,9/16
0,73/816
-4453/50576,3723/50576
15955/50576,33091/50576
335/976,1/2
1/16,67/408
-5013/50576,3417/25288
9533/25288,33651/50576
193/488,9/16
0,73/816
-4453/50576,3723/50576
15955/50576,33091/50576
335/976,1/2
0,24/77
1/16,237/616
2610/14029,9563/28058
53449/224464,92535/224464
29/180,1/2
103/480,9/16
0,24/77
2610/14029,9563/28058
29/180,1/2
1/16,237/616
53449/224464,92535/224464
103/480,9/16
0,24/77
2610/14029,9563/28058
29/180,1/2
1/16,237/616
53449/224464,92535/224464
103/480,9/16
0,24/77
2610/14029,9563/28058
29/180,1/2
1/16,237/616
53449/224464,92535/224464
103/480,9/16
0,24/77
2610/14029,9563/28058
29/180,1/2
1/16,237/616
53449/224464,92535/224464
103/480,9/16
0,24/77
2610/14029,9563/28058
29/180,1/2
1/16,237/616
53449/224464,92535/224464
103/480,9/16
0,24/77
2610/14029,9563/28058
29/180,1/2
1/16,237/616
53449/224464,92535/224464
103/480,9/16
0,24/77
2610/14029,9563/28058
29/180,1/2
1/16,237/616
53449/224464,92535/224464
103/480,9/16
0,24/77
2610/14029,9563/28058
29/180,1/2
