81
0,7/8
1/18,7/8
0,1
0,3/4
0,5/8
1/18,5/8
0,1/2
0,3/8
1/18,3/8
0,1/4
0,1/8
1/18,1/8
0,0
131/147,1
5/6,7/8
53171/53312,7/8
1,7/8
1,1
131/147,3/4
1,3/4
5/6,5/8
53171/53312,5/8
1,5/8
131/147,1/2
1,1/2
5/6,3/8
53171/53312,3/8
1,3/8
131/147,1/4
1,1/4
5/6,1/8
53171/53312,1/8
1,1/8
131/147,0
1,0
3303/25802,7/8
9/65,7/8
29964177/241641065,343344115/386625704
9/97,711/776
9/97,647/776
29964177/241641065,333250867/386625704
3303/25802,5/8
9/65,5/8
29964177/241641065,246687689/386625704
9/97,517/776
9/97,453/776
29964177/241641065,236594441/386625704
3303/25802,3/8
9/65,3/8
29964177/241641065,150031263/386625704
9/97,323/776
9/97,259/776
29964177/241641065,139938015/386625704
3303/25802,1/8
9/65,1/8
29964177/241641065,53374837/386625704
9/97,129/776
9/97,65/776
29964177/241641065,43281589/386625704
8199/43210,7/8
873/4321,1
38765/53312,1
6273/25802,7/8
639666/2491145,7/8
873/4321,3/4
38765/53312,3/4
8199/43210,5/8
6273/25802,5/8
639666/2491145,5/8
873/4321,1/2
38765/53312,1/2
8199/43210,3/8
6273/25802,3/8
639666/2491145,3/8
873/4321,1/4
38765/53312,1/4
8199/43210,1/8
6273/25802,1/8
639666/2491145,1/8
873/4321,0
38765/53312,0
40
3 0 1 2
3 3 1 0
3 4 5 3
3 6 5 4
3 7 8 6
3 9 8 7
3 10 11 9
3 12 11 10
5 13 14 15 16 17
5 15 14 18 19 16
5 18 20 21 22 19
5 21 20 23 24 22
5 23 25 26 27 24
5 26 25 28 29 27
5 28 30 31 32 29
5 31 30 33 34 32
6 1 35 36 37 38 2
6 39 40 36 35 1 3
6 5 41 42 43 44 3
6 45 46 42 41 5 6
6 8 47 48 49 50 6
6 51 52 48 47 8 9
6 11 53 54 55 56 9
6 57 58 54 53 11 12
6 38 37 36 59 60 2
7 14 13 61 60 59 62 63
6 64 59 36 40 39 3
7 62 59 64 65 18 14 63
6 44 43 42 66 64 3
7 20 18 65 64 66 67 68
6 69 66 42 46 45 6
7 67 66 69 70 23 20 68
6 50 49 48 71 69 6
7 25 23 70 69 71 72 73
6 74 71 48 52 51 9
7 72 71 74 75 28 25 73
6 56 55 54 76 74 9
7 30 28 75 74 76 77 78
6 79 76 54 58 57 12
7 77 76 79 80 33 30 78
0,1/8
-1/18,1/8
0,0
0,0
0,1/8
-1/18,1/8
0,0
0,1/8
-1/18,1/8
0,0
0,1/8
-1/18,1/8
0,0
155659765/714219051,-105152184/238073017
8617729/29151798,-12746935/38869064
34669205845/259023442496,-71626410/238073017
16727053028/127456519489,-306326182815/1019652155912
14096037743/127456519489,-54004093688/127456519489
155659765/714219051,-105152184/238073017
14096037743/127456519489,-54004093688/127456519489
8617729/29151798,-12746935/38869064
34669205845/259023442496,-71626410/238073017
16727053028/127456519489,-306326182815/1019652155912
155659765/714219051,-105152184/238073017
14096037743/127456519489,-54004093688/127456519489
8617729/29151798,-12746935/38869064
34669205845/259023442496,-71626410/238073017
16727053028/127456519489,-306326182815/1019652155912
155659765/714219051,-105152184/238073017
14096037743/127456519489,-54004093688/127456519489
8617729/29151798,-12746935/38869064
34669205845/259023442496,-71626410/238073017
16727053028/127456519489,-306326182815/1019652155912
155659765/714219051,-105152184/238073017
14096037743/127456519489,-54004093688/127456519489
-17523/2502794,1789829/10011176
0,97/520
0,3329353/19929160
0,1/8
0,1/8
0,3329353/19929160
-17523/2502794,1789829/10011176
0,97/520
0,3329353/19929160
0,1/8
0,1/8
0,3329353/19929160
-17523/2502794,1789829/10011176
0,97/520
0,3329353/19929160
0,1/8
0,1/8
0,3329353/19929160
-17523/2502794,1789829/10011176
0,97/520
0,3329353/19929160
0,1/8
0,1/8
0,3329353/19929160
-297/8642,38821/172840
-585/4321,648/4321
34669205845/259023442496,-71626410/238073017
-17523/2502794,1789829/10011176
0,3329353/19929160
-585/4321,648/4321
34669205845/259023442496,-71626410/238073017
-297/8642,38821/172840
-17523/2502794,1789829/10011176
0,3329353/19929160
-585/4321,648/4321
34669205845/259023442496,-71626410/238073017
-297/8642,38821/172840
-17523/2502794,1789829/10011176
0,3329353/19929160
-585/4321,648/4321
34669205845/259023442496,-71626410/238073017
-297/8642,38821/172840
-17523/2502794,1789829/10011176
0,3329353/19929160
-585/4321,648/4321
34669205845/259023442496,-71626410/238073017
