16
1,513/1225
1,105964/141475
1,1
3/4,3/5
1,28/117
1445/1844,1
2601/8600,1
0,1
45/224,25/28
117/245,913/1225
14791/28295,59164/141475
0,0
805/1844,161/461
6601/8600,0
205/224,0
1,0
4
5 0 1 2 3 4
7 5 6 7 8 9 3 2
7 10 3 9 8 7 11 12
8 12 11 13 14 15 4 3 10
913/1225,117/245
59164/141475,14791/28295
49/289,161/289
3/5,3/4
12/13,53/117
161/461,805/1844
161/215,1449/8600
1,0
25/28,45/224
913/1225,117/245
59164/141475,14791/28295
0,0
161/461,805/1844
161/215,1449/8600
25/28,45/224
40/41,9/41
