21
0,1
3/14,11/14
3/14,1
0,11/14
1,1
1,11/28
27/28,13/28
3/7,1
1,3/14
3/4,1/4
23/28,3/14
1,1/8
11/14,5/28
13/14,1/14
1,0
7/8,0
11/14,0
0,4/7
15/28,1/28
17/28,0
0,0
20
3 0 1 2
3 0 1 3
4 4 5 6 7
3 6 5 8
4 7 6 8 2
4 1 9 8 2
3 9 10 8
3 10 11 8
3 9 12 13
3 9 10 13
3 10 11 13
3 11 14 13
3 15 14 13
3 12 15 13
3 12 15 16
3 9 12 16
4 1 9 16 3
4 17 18 16 3
3 18 19 16
4 20 19 18 17
1,0
11/14,3/14
11/14,0
11/14,0
11/14,11/14
5/28,11/14
1/4,3/4
11/14,3/14
0,11/14
1/4,3/4
5/28,11/14
0,7/8
5/28,11/14
0,11/14
-1/10,4/5
0,7/8
0,11/14
11/14,3/14
1/4,3/4
5/28,11/14
11/14,11/14
