54
0,1/8
0,0
254067/1498010,0
369877/1498010,1/8
1709/3680,1/8
860283/2545820,1/8
2200951/5091640,0
1919/3680,0
277/488,1/8
145/244,0
1,0
1,1/8
1,1/4
145/244,1/4
254067/1498010,1/4
0,1/4
2200951/5091640,1/4
1919/3680,1/4
0,3/8
369877/1498010,3/8
1709/3680,3/8
860283/2545820,3/8
277/488,3/8
1,3/8
1,1/2
145/244,1/2
254067/1498010,1/2
0,1/2
2200951/5091640,1/2
1919/3680,1/2
0,5/8
369877/1498010,5/8
1709/3680,5/8
860283/2545820,5/8
277/488,5/8
1,5/8
1,3/4
145/244,3/4
254067/1498010,3/4
0,3/4
2200951/5091640,3/4
1919/3680,3/4
0,7/8
369877/1498010,7/8
1709/3680,7/8
860283/2545820,7/8
277/488,7/8
1,7/8
1,1
145/244,1
254067/1498010,1
0,1
2200951/5091640,1
1919/3680,1
40
4 0 1 2 3
4 4 5 6 7
4 8 4 7 9
4 8 9 10 11
4 8 11 12 13
4 14 15 0 3
4 16 14 3 5
4 17 16 5 4
4 13 17 4 8
4 18 15 14 19
4 20 21 16 17
4 22 20 17 13
4 22 13 12 23
4 22 23 24 25
4 26 27 18 19
4 28 26 19 21
4 29 28 21 20
4 25 29 20 22
4 30 27 26 31
4 32 33 28 29
4 34 32 29 25
4 34 25 24 35
4 34 35 36 37
4 38 39 30 31
4 40 38 31 33
4 41 40 33 32
4 37 41 32 34
4 42 39 38 43
4 44 45 40 41
4 46 44 41 37
4 46 37 36 47
4 46 47 48 49
4 50 51 42 43
4 52 50 43 45
4 53 52 45 44
4 49 53 44 46
4 6 5 3 2
4 16 21 19 14
4 28 33 31 26
4 40 45 43 38
106457129/242659300,72422173/242659300
189652993/485318600,44408183/242659300
1402981/5992040,743129/2996020
631173/2996020,1177819/2996020
2382877/7157600,605041/1789400
711387/2545820,288151/636455
2202659/5091640,2139003/5091640
3366367/7157600,303543/894700
3/8,211/488
1/2,99/244
1/2,0
3/8,0
1/2,0
1/2,99/244
1402981/5992040,743129/2996020
189652993/485318600,44408183/242659300
2202659/5091640,2139003/5091640
3366367/7157600,303543/894700
106457129/242659300,72422173/242659300
631173/2996020,1177819/2996020
2382877/7157600,605041/1789400
711387/2545820,288151/636455
3/8,211/488
3/8,0
1/2,0
1/2,99/244
1402981/5992040,743129/2996020
189652993/485318600,44408183/242659300
2202659/5091640,2139003/5091640
3366367/7157600,303543/894700
106457129/242659300,72422173/242659300
631173/2996020,1177819/2996020
2382877/7157600,605041/1789400
711387/2545820,288151/636455
3/8,211/488
3/8,0
1/2,0
1/2,99/244
1402981/5992040,743129/2996020
189652993/485318600,44408183/242659300
2202659/5091640,2139003/5091640
3366367/7157600,303543/894700
106457129/242659300,72422173/242659300
631173/2996020,1177819/2996020
2382877/7157600,605041/1789400
711387/2545820,288151/636455
3/8,211/488
3/8,0
1/2,0
1/2,99/244
1402981/5992040,743129/2996020
189652993/485318600,44408183/242659300
2202659/5091640,2139003/5091640
3366367/7157600,303543/894700
