16
2/3,2/3
2/3,1/3
1/3,2/3
1/3,1/3
2/3,1
2/3,0
1/3,1
1/3,0
1,2/3
1,1/3
0,2/3
0,1/3
1,1
1,0
0,1
0,0
9
4 0 4 12 8
4 0 4 6 2
4 10 14 6 2
4 0 1 9 8
4 0 1 3 2
4 10 11 3 2
4 5 1 9 13
4 5 1 3 7
4 15 11 3 7
8275211/267,279829/89
8275172/267,839567/267
30993,3144
2758364/89,839528/267
8275172/267,839567/267
8275211/267,279829/89
2758364/89,839528/267
30993,3144
30993,3144
2758364/89,839528/267
8275211/267,279829/89
8275172/267,839567/267
2758364/89,839528/267
30993,3144
8275172/267,839567/267
8275211/267,279829/89
